0 9.17
1 9.176552975823574
2 9.167018160515525
3 9.755457259356342
4 9.686073110562907
5 9.666049783549784
6 9.676002239641658
7 10.224131347842688
8 9.60334480533448
9 9.498757422476357
10 9.825
11 9.573085161385627
12 9.512762858766695
13 9.090363735070575
14 9.475131218174697
15 9.637514392630973
16 9.734317260027039
17 9.200422506183017
18 9.663028405278462
19 9.13617819620685
20 10.128945377515508
21 8.897713697219361
22 9.26808495918085
23 9.87296143880506
24 8.87779545303904
25 8.829110627637132
26 9.231158922713053
27 9.587121374865736
28 9.37176428054953
29 9.465497138011449
30 9.390505687169457
31 9.608091241661286
32 9.298778795448237
33 9.771161387631976
34 10.196837177437772
35 11.163738913286833
36 10.203405714285715
37 9.860677716390423
38 9.779652525252525
39 9.80704761904762
40 9.96260181343169
41 9.454310527430628
42 9.559788301246588
43 9.359245283018868
44 9.547533504419732
45 9.316601941747573
46 9.871341732979664
47 10.165045533050714
48 9.702585270475776
49 9.426051779935275
50 10.057577216205376
51 10.488843201754387
52 8.141666666666667