0 1007.5
1 16248.5
2 10998
3 1141.5
4 3843.5
5 4017
6 1207.5
7 1620.5
8 8270
9 6290.5
10 2442
11 1284
12 941
13 22650
14 3332.5
15 1491
16 877
17 7413.5
18 2044.5
19 2350.5
20 2346.5
21 2867.5
22 4280.5
23 708
24 1050
25 7849
26 798
27 2430
28 1060
29 3638.5
30 5170.5
31 1483.5
32 2761.5
33 5461.5
34 5733.5
35 1637
36 5710
37 11426
38 20181.5
39 22350.5
40 8828
41 5554
42 8232
43 5551
44 7809.5
45 822.5
46 13005.5
47 1123
48 729
49 2674
50 20071.5
51 21902
52 933
53 5812.5
54 15469
55 10755.5
56 2799
57 1543
58 3314.5
59 3650
60 10343.5
61 1159.5
62 3052.5
63 5525.5
64 3730.5
65 1108.5
66 5909
67 6314
68 3526.5
69 1429.5
70 8265.5
71 19347.5
72 7746.5
73 992.5
74 1181
75 9392.5
76 6733
77 769.5
78 3119
79 16975
80 23955.5
81 10901
82 3230
83 12822.5
84 16812.5
85 7973
86 4752.5
87 2177.5
88 2676
89 3809
90 1524
91 4917.5
92 1002.5
93 905.5
94 943.5
95 4292.5
96 28296.5
97 28508
98 18827.5
99 6893
100 19281
101 8758.5
102 671.5
103 11317
104 22529.5
105 34964
106 12532
107 5273
108 13937
109 11357
110 1931
111 6961
112 7425
113 17594
114 24434
115 3451
116 1310
117 13954
118 8801
119 1796
120 564.5
121 3744.5
122 1880
123 1579
124 2257
125 14778.5
126 1291.5
127 4587.5
128 5202
129 14937
130 8031
131 2606.5
132 1675.5
133 7036
134 8881
135 1931
136 8252.5
137 3808.5
138 12716.5
139 3717
140 1046
141 5929
142 4017.5
143 6541.5
144 3505.5
145 3863.5
146 3657.5
147 5329
148 3589.5
149 771
150 5714
151 908
152 4994
153 5312.5
154 6096.5
155 3350
156 2170.5
157 1284
158 3361
159 22371
160 4940
161 5420
162 6602
163 18478.5
164 4148.5
165 801
166 3866
167 12313.5
168 1240.5
169 3249
170 1033
171 9644
172 1863
173 998
174 3742
175 10933.5
176 3834
177 867
178 4153
179 3253.5
180 2295.5
181 1594
182 3323
183 4640.5
184 17206.5
185 5823.5
186 839.5
187 861.5
188 7114.5
189 9172
190 2696.5
191 5851
192 10433
193 2373
194 508
195 7038.5
196 9088.5
197 16401.5
198 2276
199 2306.5
200 21602.5
201 17388.5
202 924
203 3958
204 5149
205 1661.5
206 1427.5
207 2633
208 5640.5
209 3755.5
210 1767
211 3476
212 1184.5
213 21669
214 13649
215 4938
216 3375.5
217 19010
218 20889.5
219 1595
220 11311
221 24248
222 26927.5
223 17927
224 2370
225 30917
226 30701
227 28416.5
228 27228
229 31647
230 42091
231 27238
232 4717
233 5713
234 6727
235 10551
236 4695.5
237 6386
238 501.5
239 1340.5
240 3687
241 15193
242 22888.5
243 14124
244 11875.5
245 13609
246 22677
247 5656.5
248 4020
249 19473
250 28473
251 32097
252 22949.5
253 3468
254 12810.5
255 40761
256 33972
257 31254
258 15762.5
259 24392.5
260 14690
261 635
262 3195.5
263 13705
264 552
265 740
266 3701.5
267 1499
268 4067.5
269 5766
270 10119.5
271 23310
272 9918
273 3942.5
274 4854
275 7985.5
276 3230.5
277 3243
278 5923.5
279 38607.5
280 47307
281 19410
282 2887.5
283 6983.5
284 5658.5
285 5104
286 796.5
287 2716
288 9867
289 1355.5
290 852
291 5372.5
292 6574.5
293 3512
294 1665
295 665.5
296 3018.5
297 3955.5
298 3382.5
299 1766
300 10814.5
301 3028
302 727.5
303 783.5
304 19623
305 1967
306 2715
307 6264.5
308 6696.5
309 4964
310 8942.5
311 2628
312 3010
313 4420
314 4245
315 1503
316 1997.5
317 12912.5
318 4830.5
319 1146.5
320 1400.5
321 1016.5
322 2241.5
323 534.5
324 1352.5
325 5131
326 1068.5
327 1509.5
328 7009.5
329 9175
330 9333
331 11013.5
332 1659
333 9139.5
334 2069.5
335 756
336 1051.5
337 1098
338 6921.5
339 2239
340 2122.5
341 2264.5
342 2382.5
343 3514
344 8689.5
345 2550
346 3094
347 4701.5
348 1710.5
349 2385
350 5906
351 5799.5
352 643
353 725
354 10394
355 6843.5
356 602
357 3258.5
358 7919.5
359 2734.5
360 669
361 4626.5
362 3142
363 23727
364 2747
365 1109.5
366 2783.5
367 23992
368 2055
369 936.5
370 3274
371 6756
372 3302
373 1520.5
374 6904.5
375 18020.5
376 21713.5
377 4377.5
378 1941.5
379 13860
380 7862
381 985.5
382 1490.5
383 2357
384 1578.5
385 2392
386 2214
387 1865.5
388 3442
389 2940
390 974.5
391 10857
392 3483
393 1534.5
394 1074.5
395 3051.5
396 25280
397 37261
398 27613
399 6061
400 10297.5
401 8603.5
402 2705
403 4201.5
404 11267.5
405 5159.5
406 3063
407 5604.5
408 5122.5
409 6764
410 1185.5
411 2761
412 1168
413 4222
414 4583.5
415 2692.5
416 3041.5
417 18881
418 6274
419 3487.5
420 1954.5
421 2824
422 7847.5
423 2000
424 5997
425 21366.5
426 43781
427 24800.5
428 36305.5
429 74146
430 79327.5
431 55154.5
432 39306.5
433 41336
434 46289.5
435 19554
436 19990
437 19659
438 22099
439 9694.5
440 3920
441 667
442 11248
443 3969.5
444 687
445 4958.5
446 6284
447 9586.5
448 2395.5
449 3057.5
450 19769.5
451 18191.5
452 5007.5
453 2762.5
454 2781
455 3923.5
456 4146.5
457 5409
458 17251.5
459 5935
460 16684
461 13597
462 12927
463 35814.5
464 36764.5
465 24661
466 18226.5
467 38609
468 19765.5
469 11500.5
470 11504.5
471 7991.5
472 8633
473 3037
474 2670.5
475 21455.5
476 31203
477 31527
478 5976.5
479 5551
480 31062.5
481 11983.5
482 9591
483 7900.5
484 35092.5
485 35320.5
486 43170
487 38914
488 76745.5
489 74509
490 72361
491 56567
492 63712.5
493 74362
494 50634.5
495 33909.5
496 35275
497 35321
498 26507
499 27616
500 20879.5
501 50116
502 22316
503 15300
504 35351.5
505 52395
506 54463.5
507 46384.5
508 37713.5
509 63245
510 58539.5
511 49492.5
512 62517
513 54438
514 52100.5
515 43539.5
516 36830
517 61529.5
518 55749
519 34060
520 36117.5
521 49257
522 45424.5
523 49630.5
524 31967
525 35692.5
526 30811
527 16165
528 12270
529 12932.5
530 16686
531 17914.5
532 11272
533 16542
534 12006
535 21228.5
536 12186.5
537 21423
538 29031.5
539 18609
540 11659
541 12507
542 19820.5
543 12631.5
544 9836
545 8024.5
546 31302.5
547 21150.5
548 5930.5
549 8471
550 13332
551 7718
552 15426.5
553 2551.5
554 1884.5
555 8404
556 5710
557 1428
558 2858
559 1063.5
560 5268.5
561 2429
562 5198
563 15767.5
564 7013.5
565 3671
566 8383.5
567 25789.5
568 28975.5
569 20175.5
570 6713.5
571 21077
572 32650
573 6146
574 4049
575 5344.5
576 2845.5
577 1148.5
578 2091
579 2841
580 4598
581 3145
582 1081
583 504
584 1694.5
585 1148.5
586 502
587 1120
588 8700
589 5954
590 3693.5
591 1696.5
592 13919.5
593 9170
594 5279.5
595 2475
596 21795.5
597 6727.5
598 3345
599 3526
600 10408
601 4564.5
602 8828.5
603 1730.5
604 9488.5
605 13711.5
606 5067
607 751.5
608 6669.5
609 16523.5
610 4349.5
611 581.5
612 8015.5
613 11314
614 794
615 869.5
616 1241.5
617 1112
618 1754
619 5110.5
620 5082.5
621 20147.5
622 29168.5
623 13585.5
624 2137.5
625 17703.5
626 19353.5
627 17169.5
628 8492
629 11400
630 12052.5
631 1651
632 4956.5
633 14182.5
634 33108.5
635 30148.5
636 17899.5
637 6143
638 18717
639 5517.5
640 4087.5
641 2977
642 9269.5
643 7295.5
644 1219
645 2829.5
646 2771
647 1164.5
648 556
649 3929
650 10123.5
651 22682
652 25315
653 3261.5
654 2198.5
655 11555.5
656 6751.5
657 1959
658 22024
659 8920.5
660 4284.5
661 3287
662 9446.5
663 9950.5
664 11374.5
665 5146
666 5385.5
667 16579
668 1837
669 1244
670 2930
671 8838
672 7171.5
673 287.5
674 1345
675 12190.5
676 5401
677 1205
678 2706.5
679 9654.5
680 14995
681 15705.5
682 4429.5
683 8284
684 26451
685 48446.5
686 28856
687 4231
688 25553.5
689 30222
690 1471.5
691 5118.5
692 16927.5
693 23658
694 935
695 7598
696 14035
697 20074
698 605.5
699 3610
700 2594.5
701 1237.5
702 2899.5
703 4170.5
704 7153
705 7737.5
706 1231
707 4077.5
708 7207.5
709 11041
710 6356
711 2311.5
712 12502.5
713 23111.5
714 12868.5
715 3028.5
716 6378.5
717 11078
718 30767
719 21209.5
720 5011.5
721 3551
722 17783.5
723 2680.5
724 4284
725 4869.5
726 9442
727 3445
728 3895.5
729 8546.5
730 8345
731 1066.5
732 3253.5
733 4722.5
734 8016
735 1223
736 662
737 11946.5
738 35437
739 33575.5
740 31406.5
741 29239
742 33409.5
743 12956.5
744 5633
745 4532.5
746 10280
747 38934
748 42970
749 7731.5
750 16690
751 31869
752 41419
753 21644
754 36460.5
755 64241.5
756 72771
757 45116
758 35983
759 36820.5
760 46662
761 16271
762 18614.5
763 9211
764 8622
765 5742.5
766 4485.5
767 31031
768 47899
769 30554
770 20181
771 30852.5
772 54677
773 70458
774 35653
775 39651.5
776 52639.5
777 47764.5
778 42292
779 39486
780 51686.5
781 55089.5
782 38363.5
783 25123.5
784 30724.5
785 54233
786 14543
787 12404.5
788 26659
789 23204.5
790 17369
791 8857
792 16258.5
793 18736
794 8467
795 10697
796 21870.5
797 32580.5
798 59820.5
799 35558
800 53733.5
801 75964
802 65834
803 39977
804 28520
805 48530.5
806 48070
807 31868
808 34608.5
809 37374
810 56780.5
811 42238
812 36260
813 45768
814 37268
815 30658
816 24628
817 28590.5
818 36966.5
819 21362
820 18036
821 19801
822 15160
823 9619
824 9874.5
825 14703.5
826 21945
827 11420.5
828 5950
829 14619.5
830 25031
831 39226.5
832 12518.5
833 6560.5
834 31898
835 55786.5
836 53386.5
837 18469.5
838 30303
839 24528.5
840 17640
841 15429.5
842 25957.5
843 23364
844 15483.5
845 5757
846 8440
847 6835.5
848 6570.5
849 4328
850 4636
851 3076
852 2536.5
853 2737.5
854 24336
855 44098.5
856 42583.5
857 20332
858 3029
859 24984.5
860 20344.5
861 7752
862 6102
863 8754
864 35475
865 2368
866 3991
867 24832.5
868 10565.5
869 18516
870 1303.5
871 15816.5
872 15733.5
873 5181
874 623
875 3960
876 3639
877 2306
878 2707
879 5710
880 4944
881 7117
882 5132.5
883 3409
884 18851.5
885 49334.5
886 55657.5
887 30038.5
888 29889
889 63985
890 41804.5
891 19484.5
892 49215
893 46188.5
894 22185
895 12446.5
896 19970.5
897 12197
898 22988.5
899 8192.5
900 6496
901 24733
902 35091.5
903 24145.5
904 17676
905 19589
906 15953
907 10268
908 2411.5
909 3622
910 4505
911 2058.5
912 4008
913 14389.5
914 36624.5
915 11457.5
916 6529.5
917 22223.5
918 30334.5
919 39591
920 10793
921 10544
922 28299
923 37109
924 24088.5
925 26742
926 42703
927 49117
928 18699.5
929 12567
930 22880
931 9265.5
932 4230
933 6481
934 12187.5
935 5108.5
936 1928.5
937 1388
938 1590
939 5414.5
940 2694.5
941 717.5
942 7512
943 28210.5
944 39397
945 17999.5
946 21358
947 45994.5
948 25744.5
949 8996.5
950 11375.5
951 37920.5
952 40323
953 31656.5
954 22943.5
955 37259
956 61642.5
957 52406.5
958 45206.5
959 42177.5
960 73391.5
961 69057.5
962 45880.5
963 27073
964 29154.5
965 19305
966 10418.5
967 5891
968 6231.5
969 3882.5
970 3447
971 10995.5
972 4646
973 2618
974 3801
975 1071
976 9036.5
977 11309
978 401
979 6904
980 6611.5
981 24658.5
982 26807
983 8873.5
984 14851
985 6652.5
986 5356.5
987 4614.5
988 6890.5
989 19352.5
990 15008.5
991 2156.5
992 6726
993 1889
994 3627.5
995 636
996 780
997 1104.5
998 2672
999 431.5
1000 4210
1001 12980.5
1002 6042.5
1003 769.5
1004 11845.5
1005 17862
1006 14801.5
1007 13219.5
1008 3622
1009 7574
1010 12801
1011 5683.5
1012 1115.5
1013 5281
1014 12129.5
1015 3591.5
1016 773
1017 3001.5
1018 29946.5
1019 35408.5
1020 6223.5
1021 835
1022 11382.5
1023 11806.5
1024 2040
1025 2403.5
1026 5793
1027 2800
1028 4338.5
1029 841
1030 21338.5
1031 47542
1032 32854.5
1033 9314
1034 25049
1035 33663.5
1036 43887
1037 21217
1038 38725.5
1039 56355.5
1040 29736
1041 15949.5
1042 16716
1043 24047.5
1044 31432
1045 17419
1046 14102
1047 11135.5
1048 17209
1049 7372
1050 5077.5
1051 8709.5
1052 3085.5
1053 5637.5
1054 1007.5
1055 6783.5
1056 1151
1057 1301
1058 601.5
1059 5618.5
1060 43754.5
1061 43332
1062 11324
1063 21241.5
1064 27361.5
1065 40942
1066 12662
1067 20712.5
1068 13019
1069 39742.5
1070 8958.5
1071 18067.5
1072 49610.5
1073 55035.5
1074 35718.5
1075 39255.5
1076 50664.5
1077 58340.5
1078 44584.5
1079 14021
1080 15566
1081 9655
1082 8620.5
1083 5962
1084 1503.5
1085 2527
1086 627.5
1087 2180
1088 4755
1089 50849
1090 54798.5
1091 17814
1092 11753.5
1093 33945
1094 55251
1095 38642.5
1096 24448
1097 13448.5
1098 20724
1099 6339
1100 2590.5
1101 12798.5
1102 37711.5
1103 8530.5
1104 11302.5
1105 22233.5
1106 46168.5
1107 15794
1108 5550
1109 16873.5
1110 12573
1111 1900.5
1112 582
1113 896.5
1114 3689.5
1115 1636.5
1116 1721
1117 5247.5
1118 12347
1119 16196.5
1120 5556
1121 4478.5
1122 5905
1123 3219.5
1124 724
1125 7156.5
1126 13661.5
1127 13362
1128 14690
1129 3800.5
1130 18383.5
1131 17982
1132 4283
1133 5166.5
1134 5602
1135 14946.5
1136 9037.5
1137 2474
1138 8086
1139 13454.5
1140 2617.5
1141 3159.5
1142 649.5
1143 18084
1144 13858
1145 2942.5
1146 6352.5
1147 22271.5
1148 41591
1149 13475
1150 3637.5
1151 19758
1152 61947
1153 44053.5
1154 20622.5
1155 21594.5
1156 45807.5
1157 67665.5
1158 48273.5
1159 45108.5
1160 51922
1161 57313
1162 45833.5
1163 39327
1164 57620.5
1165 53069
1166 25231.5
1167 16176.5
1168 15302
1169 20022.5
1170 8002
1171 8175.5
1172 5994
1173 18607
1174 7884
1175 3302.5
1176 34135
1177 67835.5
1178 63730.5
1179 69598.5
1180 98419
1181 107004
1182 123944.5
1183 104459
1184 120676.5
1185 141326.5
1186 134059
1187 113008.5
1188 107344
1189 133217
1190 139804.5
1191 118268.5
1192 107686.5
1193 110670
1194 136227
1195 135566
1196 122588.5
1197 106882
1198 126410
1199 86531
1200 59103.5
1201 58658
1202 63472
1203 54551.5
1204 47048
1205 62800.5
1206 86178.5
1207 101461
1208 81029
1209 60952.5
1210 71859
1211 50667
1212 35302
1213 39671
1214 38097
1215 39373.5
1216 31564
1217 32666.5
1218 41768
1219 63604.5
1220 40199.5
1221 37333
1222 39816
1223 45144
1224 25597.5
1225 24861.5
1226 29144.5
1227 18442
1228 21252
1229 16713
1230 7745
1231 7058.5
1232 17953.5
1233 2354.5
1234 3482
1235 11431.5
1236 10660.5
1237 2603.5
1238 16600.5
1239 7853
1240 17747.5
1241 4286.5
1242 4785
1243 12385
1244 10675.5
1245 1133
1246 1440
1247 15611
1248 11934
1249 2077
1250 3729.5
1251 12727
1252 18593.5
1253 18558.5
1254 1114
1255 2604.5
1256 10832
1257 6456.5
1258 752.5
1259 4315
1260 5693.5
1261 1813.5
1262 581
1263 3681
1264 14103
1265 15800
1266 8024
1267 4237.5
1268 11192.5
1269 21947
1270 9466
1271 6820
1272 1727.5
1273 12639.5
1274 15067
1275 8289
1276 19762
1277 37669
1278 23603.5
1279 1893.5
1280 8626.5
1281 14340
1282 15315
1283 2494
1284 646
1285 2130.5
1286 9825.5
1287 2280.5
1288 1300.5
1289 3003.5
1290 1176
1291 2092.5
1292 6857.5
1293 15990.5
1294 29683.5
1295 34440
1296 17599
1297 24203
1298 57434.5
1299 50755.5
1300 31358
1301 31758
1302 38993
1303 30518
1304 22312
1305 43596
1306 42757.5
1307 32118.5
1308 17800.5
1309 19254
1310 35017
1311 27093.5
1312 14791
1313 3697
1314 6148.5
1315 12863
1316 1650
1317 1165
1318 813.5
1319 4742
1320 5398
1321 6970.5
1322 10875.5
1323 79702
1324 93463
1325 28485
1326 36238.5
1327 71236
1328 58016
1329 55841.5
1330 43118
1331 39599.5
1332 45282
1333 21609.5
1334 35437
1335 29083
1336 39001
1337 24590
1338 21991.5
1339 29244.5
1340 36165.5
1341 21276.5
1342 12731
1343 18930
1344 17623
1345 12300.5
1346 8988
1347 9645.5
1348 10005.5
1349 4100.5
1350 352.5
1351 8210
1352 28324.5
1353 25523
1354 3867
1355 6170.5
1356 18722
1357 14059
1358 8002
1359 14164.5
1360 25153.5
1361 14999
1362 19793
1363 19299.5
1364 29585.5
1365 35551
1366 20777.5
1367 6787.5
1368 23293.5
1369 31775.5
1370 30929.5
1371 18065.5
1372 11331
1373 17501
1374 6129
1375 774
1376 1256
1377 7554.5
1378 752.5
1379 2752
1380 7280.5
1381 17443
1382 11641
1383 5105
1384 11024
1385 36771.5
1386 32055.5
1387 13167.5
1388 3577.5
1389 21696.5
1390 69147.5
1391 79434.5
1392 84778.5
1393 102075.5
1394 127085.5
1395 128666
1396 107627
1397 96943.5
1398 100515
1399 75235.5
1400 47630.5
1401 36901.5
1402 33044
1403 27567.5
1404 16355.5
1405 8922.5
1406 11260.5
1407 17838.5
1408 8496.5
1409 22900.5
1410 18677.5
1411 40168.5
1412 28580
1413 12775
1414 29240.5
1415 30601
1416 44025.5
1417 27827
1418 25065
1419 37021.5
1420 34573
1421 22431
1422 18978
1423 44948.5
1424 65245
1425 18896.5
1426 15789.5
1427 23306.5
1428 18603.5
1429 12446.5
1430 17031
1431 14801.5
1432 21106.5
1433 9928.5
1434 9390
1435 13849.5
1436 18926.5
1437 7728.5
1438 9144
1439 8307.5
1440 20702
1441 27501
1442 19133.5
1443 16104
1444 32091
1445 21712
1446 11396
1447 8569.5
1448 20315.5
1449 35447
1450 17576.5
1451 13964.5
1452 28279
1453 21394
1454 8794.5
1455 8488
1456 11015
1457 10092
1458 8707
1459 3369.5
1460 15636.5
1461 45720
1462 35045.5
1463 19423
1464 21621
1465 16755
1466 11482
1467 8199.5
1468 9860.5
1469 28933
1470 21756
1471 7454
1472 17388
1473 31516
1474 36173.5
1475 21907.5
1476 18221
1477 23297.5
1478 26282.5
1479 17925
1480 22688
1481 23456.5
1482 39155.5
1483 32791
1484 30203.5
1485 66402
1486 73661
1487 65657.5
1488 53948
1489 63414
1490 67652.5
1491 56185
1492 45688
1493 38185.5
1494 46042.5
1495 42160.5
1496 37536
1497 42205.5
1498 75207.5
1499 83174
1500 52167
1501 55202.5
1502 63711.5
1503 78262
1504 55566.5
1505 61146.5
1506 63906.5
1507 68295
1508 64683.5
1509 53980
1510 61965
1511 78152.5
1512 69508.5
1513 57672.5
1514 67940
1515 76643
1516 54673
1517 43053
1518 38177.5
1519 42543.5
1520 43682.5
1521 49577
1522 41873.5