1 0
2 0.00001525902189669636754842940718
3 0.00004577636718039457264239899814
4 0.00009155063888499626045813784003
5 0.0001525797416945806617150083184
6 0.0002288608821032767082215286791
7 0.0003203905686283148313009405683
8 0.0004271646120763694653987840866
9 0.0005491781258634143014774053881
10 0.0006864255263868690448703091533
11 0.0008389005334519250567382187000
12 0.001006596170750384544589906000
13 0.001189504766392679435682566691
14 0.001387617953492514821789427515
15 0.001600926670805358220661673840
16 0.001829421163418554208135446970
17 0.002073090983495173844630699023
18 0.002331924991070266628412355203
19 0.002605911354899292931008858432
20 0.002895037553359847137812721485
21 0.003199290375405450248535998981
22 0.003518655921571189892915754172
23 0.003853119605032317984694145707
24 0.004202666152714806813150971720
25 0.004567279606457419482978821179
26 0.004946943324226182880920532625
27 0.005341639981380041923841872631
28 0.005751351571988805311264059128
29 0.006176059410202050514726579422
30 0.006615744131669321070887690439
31 0.007070385695011838222967526235
32 0.007539963383344727709811650129
33 0.008024455805850871925599676615
34 0.008523840899404167004149712739
35 0.009038095930244627318472794286
36 0.009567197495703005927225603955
37 0.01011112152597593016878363414
38 0.01066984328595055320221263173
39 0.01124333737707960967355802495
40 0.01183157773930498812831046962
41 0.01243453765303237368300415255
42 0.01305218974115307517536166415
43 0.01368450597111592337284946552
44 0.01433145765704801899431686252
45 0.01499301546192322032169386148
46 0.01566914939977948062477253188
47 0.01635982883798381415374478820
48 0.01706502249954544581100890355
49 0.01778469846547603427922012997
50 0.01851882417719785678400512552
51 0.01926736643899795708989586274
52 0.02003029142053047717553226903
53 0.02080756465936406396366464833
54 0.02159915106357668257430759695
55 0.02240501491439572667729862587
56 0.02322511986888387003347133941
57 0.02405942896267088126904809542
58 0.02490790461272973654871520921
59 0.02577050862019791832580040136
60 0.02664720217324390016955248939
61 0.02753794584997670824577653548
62 0.02844269962139989171845400051
63 0.02936142285440990207234790432
64 0.03029407431483599477672896683
65 0.03124061217052542804850645553
66 0.03220099399446885168885046369
67 0.03317517676796999381849673227
68 0.03416311688385664790956752768
69 0.03516477014973273806930365026
70 0.03618009179127268382103466138
71 0.03720903645555651007015285359
72 0.03825155821444470305436880153
73 0.03930761056799492170199528118
74 0.04037714644791701168458075699
75 0.04146011822106876465454661229
76 0.04255647769299064631098872269
77 0.04366617611147871613752613484
78 0.04478916417019662699061655076
79 0.04592539201232614942682630499
80 0.04707480923425377827840065947
81 0.04823736488929686316851075389
82 0.04941300749146460002947378598
83 0.05060168501925743633762522222
84 0.05180334491950089326195438844
85 0.05301793411121680232866992810
86 0.05424539898952862593262125301
87 0.05548568542960241600781046145
88 0.05673873879062218961166763620
89 0.05800450391979949937848459740
90 0.05928292515641664373049479764
91 0.06057394633590340582429689675
92 0.06187751079394632203189985376
93 0.06319356137063103506790184838
94 0.06452204041461595540596363207
95 0.06586288978733845222990339607
96 0.06721605086725146449566636875
97 0.06858146455409119823798391735
98 0.06995907127317568807711722911
99 0.07134881097973211350193878388
100 0.07275062316325464628619101859
101 0.07416444685189094165878032072
102 0.07559022061685682913889650081
103 0.07702788257688020223667990649
104 0.07847737040267122043957215283
105 0.07993862132142071086349233155
106 0.08141157212132521525660422412
107 0.08289615915613801622185974338
108 0.08439231834974625368062106645
109 0.08589998520077357646584914619
110 0.08741909478720755188874136365
111 0.08894958177105138918960847150
112 0.09049138040300019891759575330
113 0.09204442452714023392701392368
114 0.09360864758567177812409454418
115 0.09518398262365390660733055483
116 0.09677036229377233844672900887
117 0.09836771886112760654441444785
118 0.09997598420804643115644694262
119 0.1015950898389111900499415242
120 0.1032249668850123702767973555
121 0.1048655461094183394266110554
122 0.1065167579118659890724529760
123 0.1081785323336698079188522570
124 0.1098507990626484964735709582
125 0.1115334874380706775554017440
126 0.1132265264556165940135201708
127 0.1149298447723580141044408265
128 0.1166433707117531248798059096
129 0.1183670322686584119864505737
130 0.1201007571143553054326957863
131 0.1218444726015921464323810142
132 0.1235981057696396989697973368
133 0.1253615833493619824423603859
134 0.1271348317682989836896467750
135 0.1289177771557635798771457303
136 0.1307103453479500076994668234
137 0.1325124618930548781037259687
138 0.1343240520564090711985727467
139 0.1361450408256211774826738292
140 0.1379753529157311531250229564
141 0.1398149127743736341855651517
142 0.1416636445869513538653450269
143 0.1435214722818168864293397746
144 0.1453883195354636059803965509
145 0.1472641097777236396382249950
146 0.1491487661969748135248892140
147 0.1510422117453528167985155051
148 0.1529443691439715813373823039
149 0.1548551608881483243607135591
150 0.1567745092526349193207124699
151 0.1587023362968544848428109617
152 0.1606385638701416374019004252
153 0.1625831136169875179575683433
154 0.1645359069822882602807112562
155 0.1664968652165966789269191395
156 0.1684659093813760666336065697
157 0.1704429603542566562524029905
158 0.1724279388342935259714749918
159 0.1744207653472252816939658260
160 0.1764213602507342937286693996
161 0.1784296437397059342799821025
162 0.1804455358514889251608792620
163 0.1824689564711531319929349593
164 0.1844998253367481355624590833
165 0.1865380620445581394406531217
166 0.1885835860543561004476487142
167 0.1906363166946543064028674053
168 0.1926961731679525113847262219
169 0.1947630745559815190759422876
170 0.1968369398249432133951586366
171 0.1989176878307465923256813767
172 0.2010052373242374734729764896
173 0.2030995069564234256631607423
174 0.2052004152836931494263694731
175 0.2073078807730285300081618516
176 0.2094218218072102510873833126
177 0.2115421566900161920443679264
178 0.2136688036514117206010610062
179 0.2158016808527317698107594879
180 0.2179407063918548104197725479
181 0.2200857983083663871326507433
182 0.2222368745887146612716378513
183 0.2243938531713540740497592196
184 0.2265566519518804611266205029
185 0.2287251887881538436886330601
186 0.2308993815054101172989931001
187 0.2330791479013613054505071887
188 0.2352644057512833786205419528
189 0.2374550728130913057611905970
190 0.2396510668324011161800513037
191 0.2418523055475784167001052083
192 0.2440587066947729200094840962
193 0.2462701880129385401119179733
194 0.2484866672488390548778625089
195 0.2507080621620380034286768023
196 0.2529342905298734844876662464
197 0.2551652701524166344526634020
198 0.2574009188574137851901468821
199 0.2596411545052118574616883961
200 0.2618858949936663238489131800
201 0.2641350582630317411769738101
202 0.2663885623008341863027226282
203 0.2686463251467252622006753882
204 0.2709082648973173412798587378
205 0.2731742997109994908200292230
206 0.2754443478127341915495662761
207 0.2777183274988338501643170275
208 0.2799961571417165506758806259
209 0.2822777551946423768569616186
210 0.2845630401964271971593234412
211 0.2868519307761361325503912667
212 0.2891443456577545978447574271
213 0.2914402036648374716421017183
214 0.2937394237251360618046192030
215 0.2960419248752014231840234970
216 0.2983476262649652488434526276
217 0.3006564471622968914843454513
218 0.3029683069575362930336837053
219 0.3052831251680035995477169308
220 0.3076008214424830189415160930
221 0.3099213155656826979011952972
222 0.3122445274626687305996597388
223 0.3145703772032745204612069756
224 0.3168987850064836075958396577
225 0.3192296712447864059924995672
226 0.3215629564485104063820131159
227 0.3238985613101246219258655401
228 0.3262364066885153901509397656
229 0.3285764136132359736208741197
230 0.3309185032887277388979896386
231 0.3332625970985142460634165218
232 0.3356086166093665834608827936
233 0.3379564835754396145972577870
234 0.3403061199423808025343873851
235 0.3426574478514087251923569966
236 0.3450103896433627248541142762
237 0.3473648678627234698268466673
238 0.3497208052616024298586694385
239 0.3520781248037021526897660806
240 0.3544367496682462315149564347
241 0.3567966032538779641569703927
242 0.3591576091825290362180567172
243 0.3615196913032556746969703454
244 0.3638827736960452696735046629
245 0.3662467806755899113468899486
246 0.3686116367950290628741072396
247 0.3709772668496595926512782171
248 0.3733435958806136101273409622
249 0.3757105491785046602615238953
250 0.3780780522870396120893587977
251 0.3804460310065995720663067914
252 0.3828144113977861584530160144
253 0.3851831197849351351436553159
254 0.3875520827595965167589042721
255 0.3899212271839813670482044472
256 0.3922904801943737362890374243
257 0.3946597692045094030177665445
258 0.3970290219089201988467152660
259 0.3993981662862440273897846055
260 0.4017671306024998001404924253
261 0.4041358434143281774808542650
262 0.4065042335721975597095934063
263 0.4088722302235742178666555446
264 0.4112397628160584517331699317
265 0.4136067611004838884269929622
266 0.4159731551339829191960006938
267 0.4183388752830150547623588864
268 0.4207038522263607527307271994
269 0.4230680169580783855920458336
270 0.4254313007904260146574415558
271 0.4277936353567464156100186301
272 0.4301549526143157997637445078
273 0.4325151848471572302301524360
274 0.4348742646688160684576018866
275 0.4372321250251001156783559054
276 0.4395886991967822288174261303
277 0.4419439208022668541531174924
278 0.4442977238002189244170381244
279 0.4466500424921567846681114133
280 0.4490008115250072595614483362
281 0.4513499658936239722351047021
282 0.4536974409432688037924208402
283 0.4560431723720553831569191061
284 0.4583870962333559395673887593
285 0.4607291489381704074901335844
286 0.4630692672574582280375921073
287 0.4654073883244329579156328691
288 0.4677434496368189087434075191
289 0.4700773890590702608349715774
290 0.4724091448245529845095802557
291 0.4747386555376891248414494839
292 0.4770658601760623396259575202
293 0.4793906980924874661198487047
294 0.4817131090170411189532728713
295 0.4840330330590548735258948909
296 0.4863504107090707018201669598
297 0.4886651828407591047209734825
298 0.4909772907127987195963214617
299 0.4932866759707184023397985584
300 0.4955932806487022279640086708
301 0.4978970471713555223658431714
302 0.5001979183554342567319395130
303 0.5024958374115360837386390358
304 0.5047907479457537371914099822
305 0.5070825939612909616371894117
306 0.5093713198600406943938878612
307 0.5116568704441251669301493621
308 0.5139391909173993688852988271
309 0.5162182268869157653057300195
310 0.5184939243643525430549345856
311 0.5207662297674034990180302884
312 0.5230350899211314019687790733
313 0.5253004520592828852088018721
314 0.5275622638255672014473418585
315 0.5298204732748966194755269044
316 0.5320750288745904055254243303
317 0.5343258795055413346020145582
318 0.5365729744633451758772935136
319 0.5388162634593930966353525491
320 0.5410556966219274288576457366
321 0.5432912244970603543592346796
322 0.5455227980497559525652206958
323 0.5477503686647754999050619062
324 0.5499738881475864094028338513
325 0.5521933087252344773965262448
326 0.5544085830471799924978881791
327 0.5566196641860972071924607008
328 0.5588265056386381712805189181
329 0.5610290613261599834693527100
330 0.5632272855954165158287594295
331 0.5654211332192141670205387527
332 0.5676105593970318108354433662
333 0.5697955197556052731044928805
334 0.5719759703494764480069534329
335 0.5741518676615067207080755907
336 0.5763231686033558065496151812
337 0.5784898305159248965701124234
338 0.5806518111697652750891052165
339 0.5828090687654518542437642736
340 0.5849615619339226801898234953
341 0.5871092497367830231880247993
342 0.5892520916665758834440680403
343 0.5913900476470180800347975492
344 0.5935230780332021449652302181
345 0.5956511436117645219567862114
346 0.5977742056010199034332686097
347 0.5998922256510624273495579928
348 0.6020051658438326791511485681
349 0.6041129886931524417548189376
350 0.6062156571447255837270517986
351 0.6083131345761066399724370513
352 0.6104053847966363077759410771
353 0.6124923720473448018886131194
354 0.6145740610008225135452164523
355 0.6166504167610587505699015765
356 0.6187214048632486140810726738
357 0.6207869912735675121950862376
358 0.6228471423889150870856212805
359 0.6249018250366267790418817185
360 0.6269510064741548038824703326
361 0.6289946543887180441245732254
362 0.6310327368969207983973035425
363 0.6330652225443414993222290832
364 0.6350920803050906227049665631
365 0.6371132795813385651939597665
366 0.6391287902028135459175928190
367 0.6411385824262699761888484318
368 0.6431426269349266866548475718
369 0.6451408948378766772258074980
370 0.6471333576694669464934861480
371 0.6491199873886500104624985852
372 0.6511007563783063889495394960
373 0.6530756374445390033400826724
374 0.6550446038159388750798939327
375 0.6570076291428234016578358023
376 0.6589646874964463774126954831
377 0.6609157533681805918313045822
378 0.6628608016686735604494629115
379 0.6647998077269755001772466585
380 0.6667327472896408258051792473
381 0.6686595965198032232024161203
382 0.6705803319962239661400360546
383 0.6724949307123143649178587111
384 0.6744033700751322357724859557
385 0.6763056279043528351557768019
386 0.6782016824312140923503022805
387 0.6800915122974371951336536313
388 0.6819750965541218068466378099
389 0.6838524146606168585549312411
390 0.6857234464833667497707381244
391 0.6875881722947336238682680687
392 0.6894465727717954961484281284
393 0.6912986289951209006865440188
394 0.6931443224475200004519592767
395 0.6949836350127726047887222194
396 0.6968165489743331497685119302
397 0.6986430470140132520384668169
398 0.7004631122106417806527645098
399 0.7022767280387026134214067952
400 0.7040838783669507439100243573
401 0.7058845474570067390907013305
402 0.7076787199619297696884245852
403 0.7094663809247694352677626739
404 0.7112475157770969946824379804
405 0.7130221103375158908654896095
406 0.7147901508101518475157831745
407 0.7165516237831231483035310248
408 0.7183065162269907655279155279
409 0.7200548154931895594721424914
410 0.7217965093124395492552025644
411 0.7235315857931384764256677045
412 0.7252600334197358278309764046
413 0.7269818410510879846953002925
414 0.7286969979187954415955630338
415 0.7304054936255220398244603075
416 0.7321073181432964926962370100
417 0.7338024618117964803509778449
418 0.7354909153366156471243186843
419 0.7371726697875135569937299351
420 0.7388477165966496063020940710
421 0.7405160475567995614909477808
422 0.7421776548195571643340429091
423 0.7438325308935190838255380186
424 0.7454806686424548800573575136
425 0.7471220612834611474184498547
426 0.7487567023851011138724231841
427 0.7503845858655294465133778203
428 0.7520057059906022078887843918
429 0.7536200573719730178012810029
430 0.7552276349651750597669064291
431 0.7568284340676895149968572696
432 0.7584224503170003683916178261
433 0.7600096796886364192147311769
434 0.7615901184941999968458503645
435 0.7631637633793834363249430908
436 0.7647306113219729251095913014
437 0.7662906596298403594236248182
438 0.7678439059389234044861183293
439 0.7693903482111939529097810464
440 0.7709299847326151478021927232
441 0.7724628141110876922148520407
442 0.7739888352743850008508275096
443 0.7755080474680780822094305904
444 0.7770204502534500123900329527
445 0.7785260435054005279109645699
446 0.7800248274103407652990682664
447 0.7815168024640786192946961819
448 0.7830019694696946641609969220
449 0.7844803295354094707647618634
450 0.7859518840724417365617426867
451 0.7874166347928583942206159918
452 0.7888745837074161715296582997
453 0.7903257331233954352533999099
454 0.7917700856424261524058039186
455 0.7932076441583064685403314797
456 0.7946384118548141806126494657
457 0.7960623922035110766604049104
458 0.7974795889615405863892760863
459 0.7988900061694192422656612962
460 0.8002936481488215347823711454
461 0.8016905195003590500757439941
462 0.8030806251013538621386089744
463 0.8044639701036064016737014981
464 0.8058405599311579958765605625
465 0.8072104002780486065038445531
466 0.8085734971060697384714899272
467 0.8099298566425127132717420864
468 0.8112794853779127512982682902
469 0.8126223900637890573683819184
470 0.8139585777103810759758317772
471 0.8152880555843809995408832947
472 0.8166108312066632513026576135
473 0.8179269123500105265200943450
474 0.8192363070368371413820796079
475 0.8205390235369097173823149660
476 0.8218350703650653676923809599
477 0.8231244562789276908443270031
478 0.8244071902766208492785438011
479 0.8256832815944818160236451376
480 0.8269527397047711780864176490
481 0.8282155743133824410406873540
482 0.8294717953575504731933420999
483 0.8307214130035590060607830765
484 0.8319644376444471911558053989
485 0.8332008798977162400412055376
486 0.8344307506030353149828471260
487 0.8356540608199476694029073087
488 0.8368708218255768993554255530
489 0.8380810451123336668466379251
490 0.8392847423856228117333699856
491 0.8404819255615514905777274635
492 0.8416726067646382314357822452
493 0.8428567983255232098915854522
494 0.8440345127786798018476588368
495 0.8452057628601280514502036567
496 0.8463705615051494990375147154
497 0.8475289218460044793346241931
498 0.8486808572096512792715117257
499 0.8498263811154677660475442735
500 0.8509655072729755964644482447
501 0.8520982495795672295724187961
502 0.8532246221182358536516687764
503 0.8543446391553083107961441556
504 0.8554583151381816574776451034
505 0.8565656646930627782232647860
506 0.8576667026227121071180192757
507 0.8587614439041909297767318776
508 0.8598499036866127931411085683
509 0.8609320972888990508575801641
510 0.8620080401975390160806966833
511 0.8630777480643542776128640526
512 0.8641412367042680675588428585
513 0.8651985220930793196725261396
514 0.8662496203652419457519329171
515 0.8672945478116489970155100764
516 0.8683333208774226541493135301
517 0.8693659561597092966245270418
518 0.8703924704054805394637384097
519 0.8714128805093401541892461637
520 0.8724272035113365963976406192
521 0.8734354565947822779392595294
522 0.8744376570840785845017961719
523 0.8754338224425476239209942264
524 0.8764239702702706635850660177
525 0.8774081183019330071326535858
526 0.8783862844046759765781473561
527 0.8793584865759558888420599487
528 0.8803247429414101515865453962
529 0.8812850717527306448895174640
530 0.8822394913855446385575476143
531 0.8831880203373031756886035737
532 0.8841306772251771861625968540
533 0.8850674807839615243487685348
534 0.8859984498639867783742474217
535 0.8869236034290393921875050864
536 0.8878429605542897951053760153
537 0.8887565404242290106884283318
538 0.8896643623306136478001704404
539 0.8905664456704194681391228983
540 0.8914628099438036967772092112
541 0.8923534747520760618266777442
542 0.8932384597956787991579474806
543 0.8941177848721756499239532445
544 0.8949914698742500868133831204
545 0.8958595347877126580105056064
546 0.8967219996895177541729182735
547 0.8975788847457898400605813549
548 0.8984302102098591924494996874
549 0.8992759964203073663746579314
550 0.9001162637990223203132700291
551 0.9009510328492634778640990589
552 0.9017803241537367259228474836
553 0.9026041583726793354758299870
554 0.9034225562419551935899875161
555 0.9042355385711601523102132205
556 0.9050431262417376193640805582
557 0.9058453402051046682297297252
558 0.9066422014807885287890343307
559 0.9074337311545737361218044725
560 0.9082199503766597153964212907
561 0.9090008803598293024572640775
562 0.9097765423776279641865372128
563 0.9105469577625537880294359638
564 0.9113121479042585598717707285
565 0.9120721342477597498588082203
566 0.9128269382916636420777223293
567 0.9135765815863994970813521945
568 0.9143210857324650664423870694
569 0.9150604723786832511711608618
570 0.9157947632204701676750246975
571 0.9165239799981145657481462763
572 0.9172481444950687928807653293
573 0.9179672785362510689655124452
574 0.9186814039863595710011523465
575 0.9193905427481979392156929975
576 0.9200947167610125515535557383
577 0.9207939479988414832600795989
578 0.9214882584688752764634500636
579 0.9221776702098294503651132459
580 0.9228622052903289324499169766
581 0.9235418858073043690826153806
582 0.9242167338844003432463125591
583 0.9248867716703957214674503007
584 0.9255520213376357552270690121
585 0.9262125050804765613587932194
586 0.9268682451137414263220293265
587 0.9275192636711894200729489057
588 0.9281655830039960419775013634
589 0.9288072253792461624444243284
590 0.9294442130784391215003736875
591 0.9300765683960060536961123034
592 0.9307043136378395919994233054
593 0.9313274711198357147523552158
594 0.9319460631664480548819184946
595 0.9325601121092544631974163849
596 0.9331696402855359645522881351
597 0.9337746700368680513593133696
598 0.9343752237077244671148434918
599 0.9349713236440932717652430028
600 0.9355629921921054387157212773
601 0.9361502516966758169481011009
602 0.9367331245001565970254020499
603 0.9373116329410031977165118633
604 0.9378857993524525940576275218
605 0.9384556460612141978727684943
606 0.9390211953861731242199084591
607 0.9395824696371059894794974809
608 0.9401394911134092063909051262
609 0.9406922821028396927700576668
610 0.9412408648802681465639352609
611 0.9417852617064447554029449350
612 0.9423254948267773822845327913
613 0.9428615864701222759602927681
614 0.9433935588475871811264816813
615 0.9439214341513469663791369157
616 0.9444452345534716797281760137
617 0.9449649822047670871816293925
618 0.9454806992336275903165976331
619 0.9459924077449015991647662815
620 0.9465001298187693534735842604
621 0.9470038875096330674430156193
622 0.9475037028450194881434853755
623 0.9479995978244948745539133483
624 0.9484915944185922237474883900
625 0.9489797145677509038197428026
626 0.9494639801812685755977305746
627 0.9499444131362653892525216293
628 0.9504210352766604558150120852
629 0.9508938684121605727783688167
630 0.9513629343172611690926387951
631 0.9518282547302594140403719791
632 0.9522898513522795177488333707
633 0.9527477458463102025221225233
634 0.9532019598362542131542163304
635 0.9536525149059899703063436505
636 0.9540994325984452559263893079
637 0.9545427344146828960158579491
638 0.9549824418129984962555489858
639 0.9554185762080300500787011231
640 0.9558511589698795302139089358
641 0.9562802114232463249199334143
642 0.9567057548465725536068759993
643 0.9571278104712001716380953553
644 0.9575463994805398781906546901
645 0.9579615430092517022742093502
646 0.9583732621424373432361676350
647 0.9587815779148441547308223676
648 0.9591865113100806958246202782
649 0.9595880832598439186265082412
650 0.9599863146431578397876904774
651 0.9603812262856237028096906272
652 0.9607728389586815756495674634
653 0.9611611733788833905611781461
654 0.9615462502071772527001414232
655 0.9619280900482030868814398161
656 0.9623067134495995808562973650
657 0.9626821409013222446970914348
658 0.9630543928349726903737071382
659 0.9634234896231389927434562992
660 0.9637894515787471319545609560
661 0.9641522989544233715464294221
662 0.9645120519418676902079212709
663 0.9648687306712380173934207050
664 0.9652223552105453699412329627
665 0.9655729455650597647942134927
666 0.9659205216767268731281603777
667 0.9662651034235953464990309669
668 0.9666067106192548080700888136
669 0.9669453630122843423855272249
670 0.9672810802857115808350840780
671 0.9676138820564822093373003042
672 0.9679437878749398427302708114
673 0.9682708172243163144421451705
674 0.9685949895202321802134548534
675 0.9689163241102074844435243506
676 0.9692348402731826781386637037
677 0.9695505572190496398898851282
678 0.9698634940881927547773333487
679 0.9701736699510399401791271856
680 0.9704811038076236358318471531
681 0.9707858145871516158953440367
682 0.9710878211475876264913154046
683 0.9713871422752417238155597801
684 0.9716837966843703232322493335
685 0.9719778030167858136334491093
686 0.9722691798414757440027766933
687 0.9725579456542314711608998579
688 0.9728441188772862339984026647
689 0.9731277178589625674598462268
690 0.9734087608733290077067668022
691 0.9736872661198660051928843728
692 0.9739632517231410040181582843
693 0.9742367357324925834782813894
694 0.9745077361217236618096126932
695 0.9747762707888036025349887126
696 0.9750423575555792372882013552
697 0.9753060141674947149115215694
698 0.9755672582933200727428602050
699 0.9758261075248885127453313260
700 0.9760825793768422992124911275
701 0.9763366912863871774352908517
702 0.9765884606130553029224028450
703 0.9768379046384765666821703434
704 0.9770850405661582645244767065
705 0.9773298855212730444630420124
706 0.9775724565504550454819732153
707 0.9778127706216042103193331059
708 0.9780508446236986161426152364
709 0.9782866953666148369939126184
710 0.9785203395809562339213716342
711 0.9787517939178890825913104123
712 0.9789810749489865071559790977
713 0.9792081991660801475185760268
714 0.9794331829811194350954295373
715 0.9796560427260385013614740757
716 0.9798767946526305630539077640
717 0.9800954549324297458701149566
718 0.9803120396566003119653842646
719 0.9805265648358331524725439721
720 0.9807390464002495381046209388
721 0.9809495001993120133487735757
722 0.9811579420017423926181354688
723 0.9813643874954467750948428062
724 0.9815688522874475123447535196
725 0.9817713519038220627843660537
726 0.9819719017896486393248700608
727 0.9821705173089586259072003571
728 0.9823672137446956519057916779
729 0.9825620062986812654204360484
730 0.9827549100915871499450915394
731 0.9829459401629137976774686081
732 0.9831351114709755943665836497
733 0.9833224388928921942676364409
734 0.9835079372245861886736584268
735 0.9836916211807869292460537736
736 0.9838735053950404992051392838
737 0.9840536044197257109500398542
738 0.9842319327260760850051291015
739 0.9844085047042077461082465462
740 0.9845833346631531705211992644
741 0.9847564368309006874180333568
742 0.9849278253544396944524352833
743 0.9850975142998115233194944551
744 0.9852655176521658494936950490
745 0.9854318493158226357347961866
746 0.9855965231143394775226163063
747 0.9857595527905843382776573947
748 0.9859209520068135772230544234
749 0.9860807343447552109072518078
750 0.9862389133056973320595739452
751 0.9863955023105816493494968356
752 0.9865505147001020300884244207
753 0.9867039637348080389350757358
754 0.9868558625952133581127334594
755 0.9870062243819090492397139158
756 0.9871550621156815873841194886
757 0.9873023887376355996886578836
758 0.9874482171093212305029718223
759 0.9875925600128661017984565973
760 0.9877354301511117717210508360
761 0.9878768401477546375055727168
762 0.9880168025474912272404504066
763 0.9881553298161678041550137763
764 0.9882924343409342313876431163
765 0.9884281284304020278458358106
766 0.9885624243148065440345284571
767 0.9886953341461732179540344845
768 0.9888268699984878260661469440
769 0.9889570438678706790214256728
770 0.9890858676727547014323471686
771 0.9892133532540673210992077102
772 0.9893395123754161295248632513
773 0.9894643567232782269821322885
774 0.9895878979071932174393921855
775 0.9897101474599597683429186290
776 0.9898311168378356953573282695
777 0.9899508174207415009404620321
778 0.9900692605124673129762813417
779 0.9901864573408831662199025558
780 0.9903024190581525571658305651
781 0.9904171567409492289713046631
782 0.9905306813906771170458176456
783 0.9906430039336934136734447165
784 0.9907541352215346631970849245
785 0.9908640860311458721521038484
786 0.9909728670651125441437567787
787 0.9910804889518956030391994005
788 0.9911869622460691368198704154
789 0.9912922974285609204608826772
790 0.9913965049068956449790368524
791 0.9914995950154408196897115602
792 0.9916015780156552644059031465
793 0.9917024640963401777016272831
794 0.9918022633738926823604442617
795 0.9919009858925618358660436513
796 0.9919986416247070226681614713
797 0.9920952404710586952640838376
798 0.9921907922609814068498623740
799 0.9922853067527390687543875636
800 0.9923787936337624179111704947
801 0.9924712625209185972233183470
802 0.9925627229607828401480862368
803 0.9926531844299121797037255277
804 0.9927426563351211515409677766
805 0.9928311480137594294964609176
806 0.9929186687339913493927090471
807 0.9930052276950772803185141235
808 0.9930908340276567740009805441
809 0.9931754967940334749218478372
810 0.9932592249884617131155950531
811 0.9933420275374347588326351399
812 0.9934239132999746679439367902
813 0.9935048910679237016072007371
814 0.9935849695662372429993958178
815 0.9936641574532781876968878798
816 0.9937424633211127573961807258
817 0.9938198956958076875356500324
818 0.9938964630377287506543537710
819 0.9939721737418405677830235412
820 0.9940470361380076679685968699
821 0.9941210584912967534315653140
822 0.9941942490022801183144340875
823 0.9942666158073401993372497643
824 0.9943381669789751898386187534
825 0.9944089105261057033244287418
826 0.9944788543943824232068662283
827 0.9945480064664947127128780124
828 0.9946163745624801381245427834
829 0.9946839664400348671874363404
830 0.9947507897948249079925209237
831 0.9948168522607981397593013284
832 0.9948821614104971034278634967
833 0.9949467247553725208347730202
834 0.9950105497460974878290440593
835 0.9950736437728823179094117535
836 0.9951360141657899982189916521
837 0.9951976681950522145292392651
838 0.9952586130713859139881871663
839 0.9953188559463103709384901308
840 0.9953784039124647193760853092
841 0.9954372640039259173549979209
842 0.9954954431965271051743759934
843 0.9955529484081763269900933189
844 0.9956097864991755915647919650
845 0.9956659642725402140431278930
846 0.9957214884743184318133257804
847 0.9957763657939112510869561490
848 0.9958306028643924851656565878
849 0.9958842062628289696496475258
850 0.9959371825106009034137000135
851 0.9959895380737223075442998699
852 0.9960412793631615441247717513
853 0.9960924127351618931336396656
854 0.9961429444915621328124344380
855 0.9961928808801171165640542249
856 0.9962422280948182960746972725
857 0.9962909922762141789499834577
858 0.9963391795117306835687098765
859 0.9963867958359913655670692112
860 0.9964338472311374916672022106
861 0.9964803396271479248545721585
862 0.9965262789021588078937352595
863 0.9965716708827830026817817810
864 0.9966165213444292763321497031
865 0.9966608360116211919217665827
866 0.9967046205583156934931787774
867 0.9967478806082213480151132945
868 0.9967906217351162291226418510
869 0.9968328494631654135803289218
870 0.9968745692672380657485542432
871 0.9969157865732240918384132744
872 0.9969565067583503361996200010
873 0.9969967351514962962226451548
874 0.9970364770335093406762594359
875 0.9970757376375193976533739537
876 0.9971145221492531038852413783
877 0.9971528357073473811632291497
878 0.9971906834036624298935047594
879 0.9972280702835941115953766190
880 0.9972650013463857021286940174
881 0.9973014815454389987367522785
882 0.9973375157886247548838509758
883 0.9973731089385924324791643514
884 0.9974082658130792411292631083
885 0.9974429911852184583477554103
886 0.9974772897838469994970245214
887 0.9975111662938122322578926582
888 0.9975446253562780065705928312
889 0.9975776715690298913734312958
890 0.9976103094867795938530119493
891 0.9976425436214685529660861629
892 0.9976743784425706794774524333
893 0.9977058183773942390444589012
894 0.9977368678113828518935757295
895 0.9977675310884156008491008283
896 0.9977978125111062277646789553
897 0.9978277163411014044798463818
898 0.9978572467993780700616646140
899 0.9978864080665398070095484240
900 0.9979152042831122538212029749
901 0.9979436395498375391745204954
902 0.9979717179279677151740313157
903 0.9979994434395571870598240505
904 0.9980268200677541215980193012
905 0.9980538517570908230939347172
906 0.9980805424137730603312279598
907 0.9981068959059683411844110523
908 0.9981329160640931140880544037
909 0.9981586066810988913753505125
910 0.9981839715127572786566856333
911 0.9982090142779439039498468045
912 0.9982337386589212307325125195
913 0.9982581483016202503633779175
914 0.9982822468159210371752010360
915 0.9983060377759321632040040440
916 0.9983295247202689573755990393
917 0.9983527111523306028610658114
918 0.9983756005405760632770428842
919 0.9983981963187988262382888127
920 0.9984205018864004607930667801
921 0.9984425206086629748635646875
922 0.9984642558170199683545420477
923 0.9984857108093265715218628253
924 0.9985068888501281649146268382
925 0.9985277931709278665794310426
926 0.9985484269704527886951650473
927 0.9985687934149190469416274007
928 0.9985888956382955236861648229
929 0.9986087367425663741463126577
930 0.9986283197979922707579469865
931 0.9986476478433703801110971066
932 0.9986667238862930648640031661
933 0.9986855509034053078164933082
934 0.9987041318406608492522225085
935 0.9987224696135770368992518042
936 0.9987405671074883783174674923
937 0.9987584271777987957128402963
938 0.9987760526502325753722688617
939 0.9987934463210840091169223642
940 0.9988106109574657232204331070
941 0.9988275492975556902382899827
942 0.9988442640508429204958262826
943 0.9988607578983718310663975082
944 0.9988770334929852853008552804
945 0.9988930934595663033419982169
946 0.9989089403952784392871910857
947 0.9989245768698048219633861544
948 0.9989400054255858560619402153
949 0.9989552285780555834163868534
950 0.9989702488158767000863552665
951 0.9989850686011742270792312937
952 0.9989996903697678351432415189
953 0.9990141165314028190783113281
954 0.9990283494699797216731171345
955 0.9990423915437826052083486461
956 0.9990562450857059697672396537
957 0.9990699124034803167270640811
958 0.9990833957798963566726557772
959 0.9990966974730278609730105277
960 0.9991098197164531574546511572
961 0.9991227647194752669191492034
962 0.9991355346673406836489894634
963 0.9991481317214567972996921985
964 0.9991605580196079571539749531
965 0.9991728156761701783042731173
966 0.9991849067823244913899224939
967 0.9991968334062689340458601750
968 0.9992085975934291865565087254
969 0.9992202013666678521485245423
970 0.9992316467264923811634688700
971 0.9992429356512616422545877692
972 0.9992540700973911398487595226
973 0.9992650519995568810177957730
974 0.9992758832708978901327931399
975 0.9992865658032173765057057380
976 0.9992971014671825535002555596
977 0.9993074921125231120395265849
978 0.9993177395682283508954873996
979 0.9993278456427429640857029725
980 0.9993378121241614894972038474
981 0.9993476407804214190627734027
982 0.9993573333594949733085788246
983 0.9993668915895795438510129660
984 0.9993763171792868038427470889
985 0.9993856118178304916805851366
986 0.9993947771752128687340610558
987 0.9994038149024098545642261215
988 0.9994127266315548425599721294
989 0.9994215139761211993529171904
990 0.9994301785311034496371573876
991 0.9994387218731971513812142871
992 0.9994471455609774639258433004
993 0.9994554511350764114613678957
994 0.9994636401183588469802898668
995 0.9994717140160971191988406592
996 0.9994796743161444459169207022
997 0.9994875224891069980448152221
998 0.9994952599885146978745537050
999 0.9995028882509907359327216980
