1 0.0009765625
2 0.0039062500
3 0.0087890625
4 0.0156250000
5 0.0244140625
6 0.0351562500
7 0.0478515625
8 0.0625000000
9 0.0791015625
10 0.0976562500
11 0.1181640625
12 0.1406250000
13 0.1650390625
14 0.1914062500
15 0.2197265625
16 0.2500000000
17 0.2822265625
18 0.3164062500
19 0.3525390625
20 0.3906250000
21 0.4306640625
22 0.4726562500
23 0.5166015625
24 0.5625000000
25 0.6103515625
26 0.6601562500
27 0.7119140625
28 0.7656250000
29 0.8212890625
30 0.8789062500
31 0.9384765625
32 1.0000000000
33 1.0634765625
34 1.1289062500
35 1.1962890625
36 1.2656250000
37 1.3369140625
38 1.4101562500
39 1.4853515625
40 1.5625000000
41 1.6416015625
42 1.7226562500
43 1.8056640625
44 1.8906250000
45 1.9775390625
46 2.0664062500
47 2.1572265625
48 2.2500000000
49 2.3447265625
50 2.4414062500
51 2.5400390625
52 2.6406250000
53 2.7431640625
54 2.8476562500
55 2.9541015625
56 3.0625000000
57 3.1728515625
58 3.2851562500
59 3.3994140625
60 3.5156250000
61 3.6337890625
62 3.7539062500
63 3.8759765625
64 4.0000000000
65 4.1259765625
66 4.2539062500
67 4.3837890625
68 4.5156250000
69 4.6494140625
70 4.7851562500
71 4.9228515625
72 5.0625000000
73 5.2041015625
74 5.3476562500
75 5.4931640625
76 5.6406250000
77 5.7900390625
78 5.9414062500
79 6.0947265625
80 6.2500000000
81 6.4072265625
82 6.5664062500
83 6.7275390625
84 6.8906250000
85 7.0556640625
86 7.2226562500
87 7.3916015625
88 7.5625000000
89 7.7353515625
90 7.9101562500
91 8.0869140625
92 8.2656250000
93 8.4462890625
94 8.6289062500
95 8.8134765625
96 9.0000000000
97 9.1884765625
98 9.3789062500
99 9.5712890625
100 9.7656250000
101 9.9619140625
102 10.1601562500
103 10.3603515625
104 10.5625000000
105 10.7666015625
106 10.9726562500
107 11.1806640625
108 11.3906250000
109 11.6025390625
110 11.8164062500
111 12.0322265625
112 12.2500000000
113 12.4697265625
114 12.6914062500
115 12.9150390625
116 13.1406250000
117 13.3681640625
118 13.5976562500
119 13.8291015625
120 14.0625000000
121 14.2978515625
122 14.5351562500
123 14.7744140625
124 15.0156250000
125 15.2587890625
126 15.5039062500
127 15.7509765625
128 16.0000000000
129 16.2509765625
130 16.5039062500
131 16.7587890625
132 17.0156250000
133 17.2744140625
134 17.5351562500
135 17.7978515625
136 18.0625000000
137 18.3291015625
138 18.5976562500
139 18.8681640625
140 19.1406250000
141 19.4150390625
142 19.6914062500
143 19.9697265625
144 20.2500000000
145 20.5322265625
146 20.8164062500
147 21.1025390625
148 21.3906250000
149 21.6806640625
150 21.9726562500
151 22.2666015625
152 22.5625000000
153 22.8603515625
154 23.1601562500
155 23.4619140625
156 23.7656250000
157 24.0712890625
158 24.3789062500
159 24.6884765625
160 25.0000000000
161 25.3134765625
162 25.6289062500
163 25.9462890625
164 26.2656250000
165 26.5869140625
166 26.9101562500
167 27.2353515625
168 27.5625000000
169 27.8916015625
170 28.2226562500
171 28.5556640625
172 28.8906250000
173 29.2275390625
174 29.5664062500
175 29.9072265625
176 30.2500000000
177 30.5947265625
178 30.9414062500
179 31.2900390625
180 31.6406250000
181 31.9931640625
182 32.3476562500
183 32.7041015625
184 33.0625000000
185 33.4228515625
186 33.7851562500
187 34.1494140625
188 34.5156250000
189 34.8837890625
190 35.2539062500
191 35.6259765625
192 36.0000000000
193 36.3759765625
194 36.7539062500
195 37.1337890625
196 37.5156250000
197 37.8994140625
198 38.2851562500
199 38.6728515625
200 39.0625000000
201 39.4541015625
202 39.8476562500
203 40.2431640625
204 40.6406250000
205 41.0400390625
206 41.4414062500
207 41.8447265625
208 42.2500000000
209 42.6572265625
210 43.0664062500
211 43.4775390625
212 43.8906250000
213 44.3056640625
214 44.7226562500
215 45.1416015625
216 45.5625000000
217 45.9853515625
218 46.4101562500
219 46.8369140625
220 47.2656250000
221 47.6962890625
222 48.1289062500
223 48.5634765625
224 49.0000000000
225 49.4384765625
226 49.8789062500
227 50.3212890625
228 50.7656250000
229 51.2119140625
230 51.6601562500
231 52.1103515625
232 52.5625000000
233 53.0166015625
234 53.4726562500
235 53.9306640625
236 54.3906250000
237 54.8525390625
238 55.3164062500
239 55.7822265625
240 56.2500000000
241 56.7197265625
242 57.1914062500
243 57.6650390625
244 58.1406250000
245 58.6181640625
246 59.0976562500
247 59.5791015625
248 60.0625000000
249 60.5478515625
250 61.0351562500
251 61.5244140625
252 62.0156250000
253 62.5087890625
254 63.0039062500
255 63.5009765625
256 64.0000000000
257 64.5009765625
258 65.0039062500
259 65.5087890625
260 66.0156250000
261 66.5244140625
262 67.0351562500
263 67.5478515625
264 68.0625000000
265 68.5791015625
266 69.0976562500
267 69.6181640625
268 70.1406250000
269 70.6650390625
270 71.1914062500
271 71.7197265625
272 72.2500000000
273 72.7822265625
274 73.3164062500
275 73.8525390625
276 74.3906250000
277 74.9306640625
278 75.4726562500
279 76.0166015625
280 76.5625000000
281 77.1103515625
282 77.6601562500
283 78.2119140625
284 78.7656250000
285 79.3212890625
286 79.8789062500
287 80.4384765625
288 81.0000000000
289 81.5634765625
290 82.1289062500
291 82.6962890625
292 83.2656250000
293 83.8369140625
294 84.4101562500
295 84.9853515625
296 85.5625000000
297 86.1416015625
298 86.7226562500
299 87.3056640625
300 87.8906250000
301 88.4775390625
302 89.0664062500
303 89.6572265625
304 90.2500000000
305 90.8447265625
306 91.4414062500
307 92.0400390625
308 92.6406250000
309 93.2431640625
310 93.8476562500
311 94.4541015625
312 95.0625000000
313 95.6728515625
314 96.2851562500
315 96.8994140625
316 97.5156250000
317 98.1337890625
318 98.7539062500
319 99.3759765625
320 100.0000000000
321 100.6259765625
322 101.2539062500
323 101.8837890625
324 102.5156250000
325 103.1494140625
326 103.7851562500
327 104.4228515625
328 105.0625000000
329 105.7041015625
330 106.3476562500
331 106.9931640625
332 107.6406250000
333 108.2900390625
334 108.9414062500
335 109.5947265625
336 110.2500000000
337 110.9072265625
338 111.5664062500
339 112.2275390625
340 112.8906250000
341 113.5556640625
342 114.2226562500
343 114.8916015625
344 115.5625000000
345 116.2353515625
346 116.9101562500
347 117.5869140625
348 118.2656250000
349 118.9462890625
350 119.6289062500
351 120.3134765625
352 121.0000000000
353 121.6884765625
354 122.3789062500
355 123.0712890625
356 123.7656250000
357 124.4619140625
358 125.1601562500
359 125.8603515625
360 126.5625000000
361 127.2666015625
362 127.9726562500
363 128.6806640625
364 129.3906250000
365 130.1025390625
366 130.8164062500
367 131.5322265625
368 132.2500000000
369 132.9697265625
370 133.6914062500
371 134.4150390625
372 135.1406250000
373 135.8681640625
374 136.5976562500
375 137.3291015625
376 138.0625000000
377 138.7978515625
378 139.5351562500
379 140.2744140625
380 141.0156250000
381 141.7587890625
382 142.5039062500
383 143.2509765625
384 144.0000000000
385 144.7509765625
386 145.5039062500
387 146.2587890625
388 147.0156250000
389 147.7744140625
390 148.5351562500
391 149.2978515625
392 150.0625000000
393 150.8291015625
394 151.5976562500
395 152.3681640625
396 153.1406250000
397 153.9150390625
398 154.6914062500
399 155.4697265625
400 156.2500000000
401 157.0322265625
402 157.8164062500
403 158.6025390625
404 159.3906250000
405 160.1806640625
406 160.9726562500
407 161.7666015625
408 162.5625000000
409 163.3603515625
410 164.1601562500
411 164.9619140625
412 165.7656250000
413 166.5712890625
414 167.3789062500
415 168.1884765625
416 169.0000000000
417 169.8134765625
418 170.6289062500
419 171.4462890625
420 172.2656250000
421 173.0869140625
422 173.9101562500
423 174.7353515625
424 175.5625000000
425 176.3916015625
426 177.2226562500
427 178.0556640625
428 178.8906250000
429 179.7275390625
430 180.5664062500
431 181.4072265625
432 182.2500000000
433 183.0947265625
434 183.9414062500
435 184.7900390625
436 185.6406250000
437 186.4931640625
438 187.3476562500
439 188.2041015625
440 189.0625000000
441 189.9228515625
442 190.7851562500
443 191.6494140625
444 192.5156250000
445 193.3837890625
446 194.2539062500
447 195.1259765625
448 196.0000000000
449 196.8759765625
450 197.7539062500
451 198.6337890625
452 199.5156250000
453 200.3994140625
454 201.2851562500
455 202.1728515625
456 203.0625000000
457 203.9541015625
458 204.8476562500
459 205.7431640625
460 206.6406250000
461 207.5400390625
462 208.4414062500
463 209.3447265625
464 210.2500000000
465 211.1572265625
466 212.0664062500
467 212.9775390625
468 213.8906250000
469 214.8056640625
470 215.7226562500
471 216.6416015625
472 217.5625000000
473 218.4853515625
474 219.4101562500
475 220.3369140625
476 221.2656250000
477 222.1962890625
478 223.1289062500
479 224.0634765625
480 225.0000000000
481 225.9384765625
482 226.8789062500
483 227.8212890625
484 228.7656250000
485 229.7119140625
486 230.6601562500
487 231.6103515625
488 232.5625000000
489 233.5166015625
490 234.4726562500
491 235.4306640625
492 236.3906250000
493 237.3525390625
494 238.3164062500
495 239.2822265625
496 240.2500000000
497 241.2197265625
498 242.1914062500
499 243.1650390625
500 244.1406250000
501 245.1181640625
502 246.0976562500
503 247.0791015625
504 248.0625000000
505 249.0478515625
506 250.0351562500
507 251.0244140625
508 252.0156250000
509 253.0087890625
510 254.0039062500
511 255.0009765625
512 256.0000000000
513 257.0009765625
514 258.0039062500
515 259.0087890625
516 260.0156250000
517 261.0244140625
518 262.0351562500
519 263.0478515625
520 264.0625000000
521 265.0791015625
522 266.0976562500
523 267.1181640625
524 268.1406250000
525 269.1650390625
526 270.1914062500
527 271.2197265625
528 272.2500000000
529 273.2822265625
530 274.3164062500
531 275.3525390625
532 276.3906250000
533 277.4306640625
534 278.4726562500
535 279.5166015625
536 280.5625000000
537 281.6103515625
538 282.6601562500
539 283.7119140625
540 284.7656250000
541 285.8212890625
542 286.8789062500
543 287.9384765625
544 289.0000000000
545 290.0634765625
546 291.1289062500
547 292.1962890625
548 293.2656250000
549 294.3369140625
550 295.4101562500
551 296.4853515625
552 297.5625000000
553 298.6416015625
554 299.7226562500
555 300.8056640625
556 301.8906250000
557 302.9775390625
558 304.0664062500
559 305.1572265625
560 306.2500000000
561 307.3447265625
562 308.4414062500
563 309.5400390625
564 310.6406250000
565 311.7431640625
566 312.8476562500
567 313.9541015625
568 315.0625000000
569 316.1728515625
570 317.2851562500
571 318.3994140625
572 319.5156250000
573 320.6337890625
574 321.7539062500
575 322.8759765625
576 324.0000000000
577 325.1259765625
578 326.2539062500
579 327.3837890625
580 328.5156250000
581 329.6494140625
582 330.7851562500
583 331.9228515625
584 333.0625000000
585 334.2041015625
586 335.3476562500
587 336.4931640625
588 337.6406250000
589 338.7900390625
590 339.9414062500
591 341.0947265625
592 342.2500000000
593 343.4072265625
594 344.5664062500
595 345.7275390625
596 346.8906250000
597 348.0556640625
598 349.2226562500
599 350.3916015625
600 351.5625000000
601 352.7353515625
602 353.9101562500
603 355.0869140625
604 356.2656250000
605 357.4462890625
606 358.6289062500
607 359.8134765625
608 361.0000000000
609 362.1884765625
610 363.3789062500
611 364.5712890625
612 365.7656250000
613 366.9619140625
614 368.1601562500
615 369.3603515625
616 370.5625000000
617 371.7666015625
618 372.9726562500
619 374.1806640625
620 375.3906250000
621 376.6025390625
622 377.8164062500
623 379.0322265625
624 380.2500000000
625 381.4697265625
626 382.6914062500
627 383.9150390625
628 385.1406250000
629 386.3681640625
630 387.5976562500
631 388.8291015625
632 390.0625000000
633 391.2978515625
634 392.5351562500
635 393.7744140625
636 395.0156250000
637 396.2587890625
638 397.5039062500
639 398.7509765625
640 400.0000000000
641 401.2509765625
642 402.5039062500
643 403.7587890625
644 405.0156250000
645 406.2744140625
646 407.5351562500
647 408.7978515625
648 410.0625000000
649 411.3291015625
650 412.5976562500
651 413.8681640625
652 415.1406250000
653 416.4150390625
654 417.6914062500
655 418.9697265625
656 420.2500000000
657 421.5322265625
658 422.8164062500
659 424.1025390625
660 425.3906250000
661 426.6806640625
662 427.9726562500
663 429.2666015625
664 430.5625000000
665 431.8603515625
666 433.1601562500
667 434.4619140625
668 435.7656250000
669 437.0712890625
670 438.3789062500
671 439.6884765625
672 441.0000000000
673 442.3134765625
674 443.6289062500
675 444.9462890625
676 446.2656250000
677 447.5869140625
678 448.9101562500
679 450.2353515625
680 451.5625000000
681 452.8916015625
682 454.2226562500
683 455.5556640625
684 456.8906250000
685 458.2275390625
686 459.5664062500
687 460.9072265625
688 462.2500000000
689 463.5947265625
690 464.9414062500
691 466.2900390625
692 467.6406250000
693 468.9931640625
694 470.3476562500
695 471.7041015625
696 473.0625000000
697 474.4228515625
698 475.7851562500
699 477.1494140625
700 478.5156250000
701 479.8837890625
702 481.2539062500
703 482.6259765625
704 484.0000000000
705 485.3759765625
706 486.7539062500
707 488.1337890625
708 489.5156250000
709 490.8994140625
710 492.2851562500
711 493.6728515625
712 495.0625000000
713 496.4541015625
714 497.8476562500
715 499.2431640625
716 500.6406250000
717 502.0400390625
718 503.4414062500
719 504.8447265625
720 506.2500000000
721 507.6572265625
722 509.0664062500
723 510.4775390625
724 511.8906250000
725 513.3056640625
726 514.7226562500
727 516.1416015625
728 517.5625000000
729 518.9853515625
730 520.4101562500
731 521.8369140625
732 523.2656250000
733 524.6962890625
734 526.1289062500
735 527.5634765625
736 529.0000000000
737 530.4384765625
738 531.8789062500
739 533.3212890625
740 534.7656250000
741 536.2119140625
742 537.6601562500
743 539.1103515625
744 540.5625000000
745 542.0166015625
746 543.4726562500
747 544.9306640625
748 546.3906250000
749 547.8525390625
750 549.3164062500
751 550.7822265625
752 552.2500000000
753 553.7197265625
754 555.1914062500
755 556.6650390625
756 558.1406250000
757 559.6181640625
758 561.0976562500
759 562.5791015625
760 564.0625000000
761 565.5478515625
762 567.0351562500
763 568.5244140625
764 570.0156250000
765 571.5087890625
766 573.0039062500
767 574.5009765625
768 576.0000000000
769 577.5009765625
770 579.0039062500
771 580.5087890625
772 582.0156250000
773 583.5244140625
774 585.0351562500
775 586.5478515625
776 588.0625000000
777 589.5791015625
778 591.0976562500
779 592.6181640625
780 594.1406250000
781 595.6650390625
782 597.1914062500
783 598.7197265625
784 600.2500000000
785 601.7822265625
786 603.3164062500
787 604.8525390625
788 606.3906250000
789 607.9306640625
790 609.4726562500
791 611.0166015625
792 612.5625000000
793 614.1103515625
794 615.6601562500
795 617.2119140625
796 618.7656250000
797 620.3212890625
798 621.8789062500
799 623.4384765625
800 625.0000000000
801 626.5634765625
802 628.1289062500
803 629.6962890625
804 631.2656250000
805 632.8369140625
806 634.4101562500
807 635.9853515625
808 637.5625000000
809 639.1416015625
810 640.7226562500
811 642.3056640625
812 643.8906250000
813 645.4775390625
814 647.0664062500
815 648.6572265625
816 650.2500000000
817 651.8447265625
818 653.4414062500
819 655.0400390625
820 656.6406250000
821 658.2431640625
822 659.8476562500
823 661.4541015625
824 663.0625000000
825 664.6728515625
826 666.2851562500
827 667.8994140625
828 669.5156250000
829 671.1337890625
830 672.7539062500
831 674.3759765625
832 676.0000000000
833 677.6259765625
834 679.2539062500
835 680.8837890625
836 682.5156250000
837 684.1494140625
838 685.7851562500
839 687.4228515625
840 689.0625000000
841 690.7041015625
842 692.3476562500
843 693.9931640625
844 695.6406250000
845 697.2900390625
846 698.9414062500
847 700.5947265625
848 702.2500000000
849 703.9072265625
850 705.5664062500
851 707.2275390625
852 708.8906250000
853 710.5556640625
854 712.2226562500
855 713.8916015625
856 715.5625000000
857 717.2353515625
858 718.9101562500
859 720.5869140625
860 722.2656250000
861 723.9462890625
862 725.6289062500
863 727.3134765625
864 729.0000000000
865 730.6884765625
866 732.3789062500
867 734.0712890625
868 735.7656250000
869 737.4619140625
870 739.1601562500
871 740.8603515625
872 742.5625000000
873 744.2666015625
874 745.9726562500
875 747.6806640625
876 749.3906250000
877 751.1025390625
878 752.8164062500
879 754.5322265625
880 756.2500000000
881 757.9697265625
882 759.6914062500
883 761.4150390625
884 763.1406250000
885 764.8681640625
886 766.5976562500
887 768.3291015625
888 770.0625000000
889 771.7978515625
890 773.5351562500
891 775.2744140625
892 777.0156250000
893 778.7587890625
894 780.5039062500
895 782.2509765625
896 784.0000000000
897 785.7509765625
898 787.5039062500
899 789.2587890625
900 791.0156250000
901 792.7744140625
902 794.5351562500
903 796.2978515625
904 798.0625000000
905 799.8291015625
906 801.5976562500
907 803.3681640625
908 805.1406250000
909 806.9150390625
910 808.6914062500
911 810.4697265625
912 812.2500000000
913 814.0322265625
914 815.8164062500
915 817.6025390625
916 819.3906250000
917 821.1806640625
918 822.9726562500
919 824.7666015625
920 826.5625000000
921 828.3603515625
922 830.1601562500
923 831.9619140625
924 833.7656250000
925 835.5712890625
926 837.3789062500
927 839.1884765625
928 841.0000000000
929 842.8134765625
930 844.6289062500
931 846.4462890625
932 848.2656250000
933 850.0869140625
934 851.9101562500
935 853.7353515625
936 855.5625000000
937 857.3916015625
938 859.2226562500
939 861.0556640625
940 862.8906250000
941 864.7275390625
942 866.5664062500
943 868.4072265625
944 870.2500000000
945 872.0947265625
946 873.9414062500
947 875.7900390625
948 877.6406250000
949 879.4931640625
950 881.3476562500
951 883.2041015625
952 885.0625000000
953 886.9228515625
954 888.7851562500
955 890.6494140625
956 892.5156250000
957 894.3837890625
958 896.2539062500
959 898.1259765625
960 900.0000000000
961 901.8759765625
962 903.7539062500
963 905.6337890625
964 907.5156250000
965 909.3994140625
966 911.2851562500
967 913.1728515625
968 915.0625000000
969 916.9541015625
970 918.8476562500
971 920.7431640625
972 922.6406250000
973 924.5400390625
974 926.4414062500
975 928.3447265625
976 930.2500000000
977 932.1572265625
978 934.0664062500
979 935.9775390625
980 937.8906250000
981 939.8056640625
982 941.7226562500
983 943.6416015625
984 945.5625000000
985 947.4853515625
986 949.4101562500
987 951.3369140625
988 953.2656250000
989 955.1962890625
990 957.1289062500
991 959.0634765625
992 961.0000000000
993 962.9384765625
994 964.8789062500
995 966.8212890625
996 968.7656250000
997 970.7119140625
998 972.6601562500
999 974.6103515625
